  
 0  T=  10.00
 0  X=   0.00   0.01   0.02   0.03   0.04   0.05   0.06   0.07   0.08   0.09   0.10   0.11   0.12   0.13
 0  H=  94.56  99.77 102.33 103.27 103.45 103.42 103.44 103.63 103.98 104.44 104.96 105.50 106.03 106.54
 1  T=  10.00
 1  X=   0.12   0.13   0.14   0.15   0.16   0.18   0.19   0.20   0.21   0.22   0.23   0.24   0.25   0.26
 1  H= 106.03 106.54 107.01 107.44 107.83 108.17 108.46 108.70 108.88 109.00 109.07 109.08 109.03 108.92
 2  T=  10.00
 2  X=   0.25   0.26   0.27   0.28   0.29   0.30   0.31   0.32   0.33   0.34   0.35   0.36   0.37   0.38
 2  H= 109.03 108.92 108.76 108.54 108.28 107.96 107.61 107.21 106.77 106.30 105.81 105.29 104.74 104.18
 3  T=  10.00
 3  X=   0.37   0.38   0.39   0.40   0.41   0.42   0.43   0.44   0.45   0.46   0.47   0.48   0.49   0.51
 3  H= 104.74 104.18 103.61 103.03 102.45 101.87 101.30 100.73 100.18  99.64  99.12  98.63  98.16  97.72
 4  T=  10.00
 4  X=   0.49   0.51   0.52   0.53   0.54   0.55   0.56   0.57   0.58   0.59   0.60   0.61   0.62   0.63
 4  H=  98.16  97.72  97.31  96.93  96.58  96.27  96.00  95.76  95.56  95.40  95.27  95.18  95.13  95.11
 5  T=  10.00
 5  X=   0.62   0.63   0.64   0.65   0.66   0.67   0.68   0.69   0.70   0.71   0.72   0.73   0.74   0.75
 5  H=  95.13  95.11  95.12  95.17  95.24  95.34  95.47  95.61  95.78  95.96  96.16  96.37  96.59  96.81
 6  T=  10.00
 6  X=   0.74   0.75   0.76   0.77   0.78   0.79   0.80   0.81   0.82   0.84   0.85   0.86   0.87   0.88
 6  H=  96.59  96.81  97.03  97.24  97.45  97.64  97.81  97.95  98.05  98.09  98.05  97.92  97.68  97.31
 7  T=  10.00
 7  X=   0.87   0.88   0.89   0.90   0.91   0.92   0.93   0.94   0.95   0.96   0.97   0.98   0.99   1.00
 7  H=  97.68  97.31  96.77  96.05  95.13  93.99  92.60  90.95  89.01  86.76  84.18  81.27  78.14  75.00
 
